              precision    recall  f1-score   support

           0       1.00      0.87      0.93        23
           1       0.99      0.98      0.99       339
           2       0.96      1.00      0.98        53
           3       0.94      0.97      0.95        31
           4       1.00      1.00      1.00        26
           5       0.92      0.95      0.94        76

    accuracy                           0.97       548
   macro avg       0.97      0.96      0.96       548
weighted avg       0.97      0.97      0.97       548
